,Unnamed: 0,KID,Prot,Kepmag,B-V,Scatter,Var,Notes1,Notes2,Notes3
0,0,2013503,19.065,13.759,0.701,6.62,Spots,0,0,0
1,1,2447723,23.023000000000003,13.052,0.649,2.29,Spots,0,0,0
2,2,2581014,16.418,13.62,0.6779999999999999,0.92,Spots,0,0,0
3,3,2582166,20.659,12.606,0.647,0.99,Faculae,0,0,0
4,4,2694675,12.65,14.335,0.6890000000000001,3.77,Spots,0,0,1
5,5,2694810,0.478,12.98,0.645,6.13,,1,1,1
6,6,2712799,8.567,15.138,0.5870000000000001,4.89,Spots,0,0,0
7,7,2720200,10.845999999999998,14.882,0.6970000000000001,6.83,Spots,0,0,0
8,8,2848223,4.751,13.62,,6.32,Spots,0,0,0
9,9,2974459,48.867,12.476,0.6409999999999999,1.26,Faculae,0,0,0
10,10,2998285,12.915,14.439,0.647,3.26,Spots,0,0,0
11,11,3098004,13.276,12.965,0.623,1.97,Spots,0,0,0
12,12,3100219,11.925,11.283,0.706,2.48,Spots,0,0,0
13,13,3100608,12.695,15.284,0.698,10.05,Spots,0,0,0
14,14,3112131,9.655,13.976,0.635,6.63,Spots,0,0,0
15,15,3120356,9.732,14.73,0.68,6.08,Spots,0,0,0
16,16,3236788,5.4289999999999985,13.702,0.618,11.11,Spots,0,1,0
17,17,3241761,11.211,13.195,0.609,6.72,Spots,0,0,0
18,18,3339737,17.303,14.436,0.674,2.68,Spots,0,0,1
19,19,3348273,4.2810000000000015,15.335,0.636,7.88,Spots,0,0,0
20,20,3355907,18.346,13.41,0.6659999999999999,4.39,Spots,0,0,0
21,21,3445089,8.956,14.845,0.667,5.93,Spots,0,0,1
22,22,3526570,10.316,15.331,0.71,7.24,Spots,0,0,0
23,23,3539172,17.91,13.917,0.7070000000000001,1.5,Faculae,0,0,0
24,24,3550386,0.319,15.514,0.746,17.17,Spots,0,0,0
25,25,3634449,23.161,15.87,0.669,12.39,Spots,0,0,0
26,26,3641346,14.722,13.17,0.575,1.1,Spots,0,0,0
27,27,3743810,1.101,11.093,,4.71,Spots,0,1,1
28,28,3747974,13.532,13.649,0.616,8.25,Spots,0,0,1
29,29,3748982,17.951,15.169,0.6990000000000001,3.98,Spots,0,0,0
30,30,3839042,16.088,12.371,0.581,1.21,Faculae,0,0,0
31,31,3850974,8.554,14.929,0.715,8.78,Spots,0,0,0
32,32,3853405,0.35200000000000004,14.514,0.622,30.48,,1,0,0
33,33,3942959,10.656,13.633,0.6459999999999999,6.34,Spots,0,0,0
34,34,3951905,13.081,14.625,0.684,2.42,Spots,0,0,1
35,35,3958523,9.952,13.277,0.624,8.66,Spots,0,0,0
36,36,3965916,23.713,13.617,0.6579999999999999,1.85,Faculae,0,0,0
37,37,3974758,11.829,14.629,0.698,4.0,,0,0,0
38,38,4039677,13.755999999999998,15.048,0.685,2.18,Spots,0,0,0
39,39,4158803,14.132,13.113,0.609,3.13,Spots,0,0,0
40,40,4242173,14.127,12.511,0.611,1.89,Spots,0,0,0
41,41,4243697,45.428,10.415,,0.84,Faculae,0,0,0
42,42,4252390,19.489,13.944,0.628,1.41,Spots,0,0,0
43,43,4260947,9.111,14.12,0.634,8.34,,0,0,0
44,44,4261467,3.247,14.347,0.648,13.63,,0,0,1
45,45,4271582,16.551,13.554,0.631,1.97,Spots,0,0,0
46,46,4274884,14.447,12.297,0.618,0.63,Faculae,0,0,0
47,47,4379526,7.0379999999999985,14.550999999999998,,7.12,Spots,0,0,0
48,48,4382416,11.849,13.371,0.609,3.9,Spots,0,0,0
49,49,4383012,13.686,14.393,0.649,3.63,Spots,0,0,0
50,50,4384825,2.276,13.73,0.579,1.54,Faculae,0,0,0
51,51,4555566,7.362,14.892,0.71,7.94,Spots,0,1,0
52,52,4555662,2.52,12.344,0.532,6.86,,0,0,0
53,53,4555711,17.031,14.252,0.655,1.33,Faculae,0,0,0
54,54,4649302,15.788,14.388,0.578,1.98,Spots,0,0,0
55,55,4726114,22.408,13.095999999999998,0.711,3.33,Spots,0,1,0
56,56,4831272,11.209,13.24,2.73,,Spots,0,0,0
57,57,4859022,4.583,12.92,0.64,7.21,,0,0,0
58,58,4860414,14.127,15.574000000000002,0.6890000000000001,6.49,Spots,0,0,0
59,59,4863614,1.01,12.453,0.535,41.51,Faculae,1,0,0
60,60,4903070,6.928,15.067,0.629,7.58,Spots,0,0,0
61,61,4909515,7.096,13.822,0.628,1.46,Spots,0,0,0
62,62,4919184,12.986,12.61,0.606,2.42,Spots,0,0,0
63,63,4939764,1.6,14.155,0.594,1.88,Spots,0,0,0
64,64,4947394,7.491,14.817,0.636,2.7,Faculae,0,0,0
65,65,4948236,10.41,15.29,0.675,5.98,Spots,0,0,0
66,66,4995418,12.003,13.331,0.589,5.54,Spots,0,0,0
67,67,4997082,10.172,13.890999999999998,0.6940000000000001,4.52,,0,0,0
68,68,5000199,12.098,13.614,0.574,3.24,Spots,0,0,0
69,69,5003319,6.266,14.841,0.69,5.56,Spots,0,0,0
70,70,5003889,12.559,13.707,0.624,1.51,Spots,0,0,0
71,71,5007875,14.351,14.485,0.622,2.25,Spots,0,0,0
72,72,5017876,10.507,13.713,0.62,6.71,Spots,0,0,0
73,73,5021010,21.629,13.687,0.5579999999999999,1.02,Spots,0,0,0
74,74,5022454,6.725,13.216,0.607,7.48,Spots,0,0,0
75,75,5034263,7.417000000000002,14.285,0.631,5.63,Spots,0,0,0
76,76,5096578,15.091,15.133,0.593,2.11,Spots,0,0,0
77,77,5106550,20.01,15.487,0.7340000000000001,5.1,Spots,0,0,0
78,78,5130844,6.687,14.493,0.677,7.87,Spots,0,0,0
79,79,5183364,13.727,14.519,0.6779999999999999,2.87,Spots,0,0,0
80,80,5185228,14.171,14.507,0.7140000000000001,3.28,Spots,0,0,0
81,81,5271040,13.037,13.911,0.593,2.34,Spots,0,0,0
82,82,5295397,6.32,13.337,0.598,7.76,Spots,0,0,0
83,83,5302725,2.332,13.011,0.5479999999999999,1.41,Spots,0,0,0
84,84,5352480,11.668,14.714,0.64,4.62,Spots,0,0,1
85,85,5352687,5.2,13.472,0.643,8.83,Spots,0,1,0
86,86,5426356,0.415,12.73,0.5920000000000001,23.47,,0,0,0
87,87,5443980,10.925999999999998,14.718,0.59,4.18,Spots,0,0,0
88,88,5450764,16.867,14.967,0.6679999999999999,6.38,Spots,0,1,1
89,89,5467495,12.27,14.258,0.684,2.09,Spots,0,0,0
90,90,5560719,42.063,12.341,0.615,1.83,Faculae,0,0,0
91,91,5563578,13.44,13.845999999999998,0.672,4.33,Spots,0,0,0
92,92,5564082,5.494,10.715,0.612,6.97,,0,0,0
93,93,5597879,17.972,13.078,0.638,3.49,Spots,0,0,1
94,94,5607906,12.45,14.804,0.65,7.01,Spots,0,0,0
95,95,5643492,8.951,14.528,0.611,7.36,Spots,0,0,0
96,96,5693869,18.278,14.257,0.625,1.55,Spots,0,0,0
97,97,5696303,10.411,14.192,,4.74,Spots,0,0,0
98,98,5702872,10.247,13.783,0.593,1.86,Spots,0,0,0
99,99,5717832,19.371,14.628,0.647,2.43,Spots,0,0,0
100,100,5791940,10.833,10.778,0.613,1.93,Spots,0,0,1
101,101,5794238,12.738,15.23,0.6579999999999999,4.46,Spots,0,0,1
102,102,5823237,5.3020000000000005,13.232,0.66,6.34,,0,0,0
103,103,5881665,14.22,13.865,0.6,3.9,Spots,0,0,0
104,104,5951750,13.067,14.747,0.655,6.16,Spots,0,0,1
105,105,5953631,14.778,15.479,0.696,9.33,Spots,0,0,0
106,106,6037036,8.235,12.507,0.618,10.25,Spots,0,0,0
107,107,6038355,8.089,11.732,0.6,6.78,Spots,0,1,0
108,108,6045936,12.782,15.179,0.654,7.93,,0,0,1
109,109,6059892,9.561,13.364,0.588,7.33,,0,0,0
110,110,6065478,29.313,12.666,,0.96,Faculae,0,0,0
111,111,6196908,13.984000000000002,14.845,0.6509999999999999,3.76,,0,0,1
112,112,6205852,19.638,12.209,0.595,0.97,Faculae,0,0,0
113,113,6220160,11.957,15.664,0.687,5.81,Spots,0,0,0
114,114,6263983,13.805,13.173,0.562,10.33,,0,1,0
115,115,6272252,11.668,11.897,2.37,,Spots,0,0,0
116,116,6359539,9.225,14.328,0.6609999999999999,7.43,,0,0,0
117,117,6359768,0.411,15.614,0.637,6.46,,0,0,0
118,118,6364326,6.545,12.722,0.599,6.17,Spots,0,0,0
119,119,6365080,2.667,11.456,0.502,7.65,,0,0,0
120,120,6370015,20.22,13.418,0.6920000000000001,1.13,Faculae,0,0,0
121,121,6442389,18.853,14.673,0.662,2.87,Spots,0,0,0
122,122,6523389,1.281,14.578,0.606,3.86,Spots,0,0,1
123,123,6549746,10.743,15.487,0.76,6.07,Spots,0,0,0
124,124,6550516,18.135,13.449000000000002,0.634,1.8,Faculae,0,0,0
125,125,6605846,13.534,15.813,0.654,9.46,Spots,0,0,1
126,126,6606574,12.416,14.302,0.61,4.5,,0,0,1
127,127,6611775,10.045,12.034,0.57,1.94,,0,0,0
128,128,6613812,14.395,15.117,0.634,4.3,Spots,0,0,0
129,129,6613871,11.821,15.936,0.638,7.75,Spots,0,0,0
130,130,6665390,15.258,13.2,0.546,0.81,Spots,0,0,0
131,131,6679363,15.14,15.406,0.68,3.53,,0,0,0
132,132,6691114,11.889,14.18,0.6509999999999999,5.53,Spots,0,0,1
133,133,6708110,12.603,13.672,0.659,8.39,Spots,0,1,0
134,134,6848271,15.31,15.233,0.594,4.39,Spots,0,0,1
135,135,6864181,12.171,14.037,0.61,7.09,Spots,0,0,1
136,136,6877404,2.097,13.117,0.526,13.39,Faculae,0,0,0
137,137,6922059,10.936,12.161,0.614,7.02,,0,0,1
138,138,6939913,12.661,15.07,0.695,7.61,Spots,0,0,0
139,139,6947058,9.673,15.111,0.698,3.76,Spots,0,0,0
140,140,6949198,15.053,13.974,0.649,2.18,Spots,0,0,1
141,141,6960111,51.787,14.714,0.6859999999999999,1.5,Faculae,0,0,0
142,142,6960292,14.935,13.162,0.688,4.26,Spots,0,0,0
143,143,6963238,6.497000000000001,15.143,0.6579999999999999,5.87,Spots,0,0,0
144,144,6966557,10.823,12.911,0.627,0.81,Faculae,0,0,0
145,145,6976560,10.84,13.889,0.6509999999999999,3.25,Spots,0,0,0
146,146,7009632,22.215,11.28,,0.81,Spots,0,0,1
147,147,7017862,2.053,13.128,0.611,6.96,Spots,0,0,1
148,148,7022813,17.317999999999998,14.746,0.6409999999999999,1.68,Faculae,0,0,0
149,149,7032218,16.090999999999998,12.946,0.617,1.74,Faculae,0,0,0
150,150,7033063,15.62,14.368,0.619,8.11,Spots,0,0,1
151,151,7034441,5.087,14.976,0.659,7.21,Spots,0,0,0
152,152,7101432,10.686,14.283,0.597,4.43,Spots,0,0,1
153,153,7104250,15.33,14.947,0.6890000000000001,4.95,Spots,0,0,1
154,154,7105442,17.725,14.173,0.695,2.48,Spots,0,0,0
155,155,7108863,12.319,15.095,0.631,2.65,Spots,0,0,0
156,156,7109052,10.573,13.689,0.585,3.06,Spots,0,0,0
157,157,7129992,11.96,14.723,0.6659999999999999,6.32,Spots,0,0,0
158,158,7137234,7.077000000000001,13.377,0.631,6.84,Spots,0,0,1
159,159,7138795,13.899,13.918,0.654,4.7,Spots,0,0,0
160,160,7174227,8.579,14.626,0.65,7.61,Spots,0,0,1
161,161,7175234,1.977,10.492,2.64,,Spots,0,0,1
162,162,7175289,16.199,14.731,0.68,6.6,Spots,0,0,0
163,163,7186037,11.967,13.088,0.638,3.47,Spots,0,0,1
164,164,7186846,13.217,13.963,0.6809999999999999,3.92,Spots,0,0,1
165,165,7198834,0.57,15.673,0.655,9.94,Faculae,0,0,0
166,166,7199036,0.57,14.214,0.69,26.39,Faculae,0,0,0
167,167,7203835,17.162,11.851,0.581,0.64,Spots,0,0,0
168,168,7205181,16.733,14.635,0.711,2.07,Spots,0,0,0
169,169,7221039,4.462,14.188,0.662,7.05,Faculae,0,0,0
170,170,7272437,8.728,11.364,0.5489999999999999,1.07,Faculae,0,1,0
171,171,7283444,6.249,14.674,0.653,8.56,Spots,0,0,1
172,172,7295345,13.614,14.51,0.6579999999999999,3.76,Spots,0,0,1
173,173,7347511,16.535,15.438,0.693,6.12,Spots,0,0,1
174,174,7375760,7.268,14.895,0.629,8.37,Spots,0,0,0
175,175,7432092,7.896,13.473,0.598,5.05,,0,1,1
176,176,7433192,1.4340000000000002,14.022,0.612,2.32,,0,1,0
177,177,7435796,29.217,13.162,0.653,0.83,Faculae,0,0,0
178,178,7446184,12.34,15.203,0.642,6.78,Spots,0,0,0
179,179,7448896,5.365,13.841,0.649,9.59,Spots,0,0,0
180,180,7465661,2.366,12.681,0.636,0.64,Faculae,0,0,0
181,181,7466345,14.998,14.857,0.502,1.9,Spots,0,0,1
182,182,7531812,18.622,14.895,0.688,6.72,Spots,0,0,0
183,183,7620991,19.032,14.937,0.6940000000000001,3.5,Spots,0,0,1
184,184,7659219,51.645,12.955,0.7020000000000001,0.69,Faculae,0,0,0
185,185,7678238,7.591,15.184,0.643,5.94,Spots,0,1,0
186,186,7684838,18.265,13.657,0.66,1.34,Faculae,0,0,0
187,187,7690781,6.726,15.211,0.609,10.06,Spots,0,0,0
188,188,7691547,0.34700000000000003,14.462,0.614,31.16,,1,0,0
189,189,7692465,12.7,14.942,0.682,4.24,Spots,0,0,0
190,190,7696149,11.96,15.315,0.672,5.19,Spots,0,0,1
191,191,7734456,17.864,15.043,0.6409999999999999,4.53,Spots,0,0,0
192,192,7760570,11.082,14.134,0.612,7.17,,0,0,0
193,193,7771531,15.146,13.783,0.598,1.83,Faculae,0,0,0
194,194,7801532,19.275,13.574000000000002,0.649,0.79,,0,0,1
195,195,7803414,11.696,13.705,0.649,1.24,Spots,0,0,0
196,196,7812583,19.547,14.489,0.6409999999999999,1.67,,0,0,0
197,197,7816662,5.32,14.733,0.613,4.83,,0,0,0
198,198,7839874,5.255,14.484000000000002,0.664,5.07,Spots,0,0,0
199,199,7849813,8.988999999999997,14.98,0.6659999999999999,5.64,Spots,0,0,0
200,200,7956211,2.989,15.665,0.608,8.02,,0,0,1
201,201,7969984,19.763,12.309,0.652,2.19,Spots,0,0,0
202,202,7983548,13.387,15.477,0.723,4.97,Spots,0,0,0
203,203,8008334,11.487,13.477,0.539,4.18,Spots,0,0,1
204,204,8018714,15.398,14.837,0.655,5.76,Spots,0,0,0
205,205,8026500,15.411,14.436,0.644,4.39,Spots,0,0,1
206,206,8040364,7.565,15.435,0.67,9.02,Spots,0,0,0
207,207,8041424,3.723,12.836,0.6509999999999999,11.44,,0,1,0
208,208,8043142,3.238,13.745,0.624,4.7,Spots,0,1,0
209,209,8043775,17.835,15.059,0.649,1.92,Faculae,0,0,0
210,210,8078425,9.687,13.572,0.65,7.75,Spots,0,0,0
211,211,8078753,18.932,12.368,0.601,0.64,Faculae,0,0,1
212,212,8086600,14.959,14.719,0.64,3.63,Spots,0,0,1
213,213,8128228,8.379,15.117,0.6759999999999999,7.6,,0,0,0
214,214,8150725,13.838,14.844,0.633,3.64,Spots,0,0,0
215,215,8172906,14.503,14.69,0.62,3.72,Spots,0,0,0
216,216,8214259,4.635,14.938,0.639,12.85,,0,0,1
217,217,8221901,14.927,14.177,0.669,2.52,Spots,0,0,0
218,218,8231476,10.223,14.679,0.6609999999999999,5.41,Spots,0,0,0
219,219,8243228,25.832,13.342,0.608,0.97,Faculae,0,0,0
220,220,8264039,7.148,13.684,0.645,7.73,Spots,0,0,0
221,221,8291864,17.927,14.014,0.653,2.44,,0,0,0
222,222,8296359,14.262,15.197,,6.43,Spots,0,0,1
223,223,8298968,10.806,15.268,0.6890000000000001,6.4,Faculae,0,0,0
224,224,8330370,8.769,14.237,0.613,5.47,Spots,0,0,0
225,225,8345997,17.475,14.651,0.664,3.25,Spots,0,1,1
226,226,8350026,3.603,9.542,,7.78,,0,0,0
227,227,8358772,14.944,15.189,0.746,3.41,,0,0,0
228,228,8376279,5.391,14.333,0.64,7.77,Spots,0,0,0
229,229,8396113,1.776,13.845,0.654,12.59,,1,0,0
230,230,8445367,5.977,15.325,0.727,5.58,Spots,0,0,0
231,231,8544875,14.773,13.913,0.623,6.5,Spots,0,0,1
232,232,8557980,16.004,13.157,0.5710000000000001,2.66,Spots,0,0,0
233,233,8565177,18.762,14.305,0.653,1.73,Spots,0,0,0
234,234,8618120,8.204,15.119000000000002,0.629,3.32,Spots,0,0,0
235,235,8625143,15.0,14.101,0.632,2.7,Spots,0,0,1
236,236,8676163,17.262999999999998,15.703,0.6920000000000001,5.37,Spots,0,0,1
237,237,8736828,13.17,14.486,0.623,4.12,Spots,0,0,1
238,238,8759594,4.954,13.640999999999998,0.62,1.92,,0,1,0
239,239,8804069,14.442,13.615,0.581,5.96,Spots,0,1,1
240,240,8814296,12.938,14.782,0.667,2.07,Spots,0,0,0
241,241,8935644,3.636,15.303,0.615,6.28,,0,0,1
242,242,8936541,13.595999999999998,11.446,0.591,2.96,Spots,0,0,1
243,243,8949512,23.856,14.694,0.604,1.51,Spots,0,0,0
244,244,8952407,16.368,15.407,0.662,6.65,Spots,0,0,0
245,245,8958682,11.167,11.630999999999998,0.5720000000000001,1.82,Spots,0,0,1
246,246,9001624,16.043,14.315,,4.56,Spots,0,0,0
247,247,9012244,8.274,13.797,0.58,3.24,,0,0,1
248,248,9044728,14.436,12.183,0.629,1.74,Spots,0,0,0
249,249,9077491,7.647,13.227,0.5710000000000001,6.97,Spots,0,0,0
250,250,9094773,10.338,12.242,0.562,1.04,Faculae,0,0,1
251,251,9095289,13.390999999999998,15.297,0.687,5.59,Spots,0,0,0
252,252,9100792,7.8820000000000014,13.118,0.654,7.87,Spots,0,0,0
253,253,9138680,18.807,11.514,0.636,0.78,Faculae,0,0,1
254,254,9152469,8.054,13.62,0.597,5.01,Spots,0,0,0
255,255,9206636,22.581,14.394,0.599,1.43,Spots,0,0,1
256,256,9210192,17.968,14.342,0.682,3.85,Spots,0,0,1
257,257,9269023,7.962999999999999,15.24,0.629,8.87,,0,0,1
258,258,9274513,15.825,12.745,0.625,3.23,Spots,0,0,0
259,259,9334867,15.300999999999998,13.52,0.626,2.96,Spots,0,0,1
260,260,9335087,15.623,13.416,0.594,4.35,Spots,0,0,0
261,261,9397109,5.979,15.436,0.701,13.26,Spots,0,0,0
262,262,9509259,5.382999999999999,13.101,,8.31,Spots,0,0,1
263,263,9520089,1.4680000000000002,13.916,0.5820000000000001,26.68,Spots,0,0,1
264,264,9541809,5.8870000000000005,12.543,0.594,2.99,,0,0,0
265,265,9574801,14.03,12.661,0.628,4.15,Spots,0,0,0
266,266,9583465,16.28,15.627,0.721,3.73,Spots,0,0,0
267,267,9595725,18.739,13.829,0.5820000000000001,3.42,Spots,0,0,0
268,268,9643552,14.816,14.696,0.602,2.85,Spots,0,0,1
269,269,9650902,15.737,15.62,0.6759999999999999,8.25,Spots,0,0,0
270,270,9654240,12.018,14.786,0.59,4.21,,0,0,0
271,271,9692828,15.192,15.47,0.555,4.49,Spots,0,0,1
272,272,9715987,10.47,15.166,0.6,7.83,Spots,0,0,0
273,273,9716103,2.801,14.869000000000002,0.564,4.24,Faculae,0,0,0
274,274,9716112,9.541,14.834,0.617,3.7,Spots,0,0,0
275,275,9762293,12.612,15.130999999999998,0.737,6.07,Spots,0,0,1
276,276,9825405,11.017,14.498,0.642,7.43,Spots,0,0,0
277,277,9826597,7.564,13.249,0.5820000000000001,8.75,,0,0,0
278,278,9834008,19.392,14.175999999999998,0.62,1.58,Spots,0,0,0
279,279,9834255,65.157,13.366,0.616,1.08,Faculae,0,0,0
280,280,9893470,15.606,10.603,0.597,0.68,Faculae,0,0,0
281,281,9894105,2.463,14.589,0.639,5.49,Spots,0,0,0
282,282,9896700,10.258,15.188,0.628,13.78,,0,0,1
283,283,9898686,12.168,14.761,0.64,4.49,Spots,0,0,1
284,284,9957324,11.71,14.023,0.584,1.86,Spots,0,0,1
285,285,9959126,2.353,13.938,0.616,19.12,,0,0,1
286,286,10000330,16.075,14.325,0.628,3.37,,0,0,0
287,287,10001957,10.946,14.689,0.636,6.64,,0,0,1
288,288,10002816,15.627,13.773,0.557,4.25,Faculae,0,0,1
289,289,10016867,11.059,15.527,0.642,5.74,Spots,0,0,0
290,290,10017419,6.408,12.134,10.04,,3,0,0,0
291,291,10023341,6.162000000000001,14.552,0.62,3.84,Spots,0,0,0
292,292,10025841,11.866,10.795,1.1,,,0,0,0
293,293,10031308,15.547,12.713,0.627,0.42,Faculae,0,0,0
294,294,10053675,8.021,12.905,0.623,7.41,Spots,0,0,1
295,295,10063806,21.601,13.024,0.595,1.14,,0,0,0
296,296,10082757,12.27,15.235,0.613,10.03,Spots,0,0,1
297,297,10087717,11.091,11.938,0.589,0.64,,0,0,0
298,298,10087863,16.087,15.140999999999998,,4.6,Spots,0,1,0
299,299,10088130,14.048,14.65,1.87,,Spots,0,0,0
300,300,10088297,13.71,15.504,0.698,6.72,,0,0,0
301,301,10119471,2.7710000000000004,14.87,0.609,11.84,,0,0,1
302,302,10122937,6.324,11.218,0.555,7.74,,0,1,1
303,303,10156399,10.262,14.274,0.589,3.31,Spots,0,0,0
304,304,10186360,7.312,15.062,0.64,9.14,Spots,0,0,0
305,305,10222603,15.08,13.725,0.635,1.69,Spots,0,0,0
306,306,10272501,16.003,13.218,0.62,3.01,Spots,0,0,1
307,307,10280958,6.92,13.361,,5.21,,0,0,1
308,308,10281630,14.559,15.132,0.606,2.74,Spots,0,0,0
309,309,10287666,13.269,12.735,1.85,,Spots,0,0,0
310,310,10328797,14.018,13.249,0.589,3.64,Spots,0,0,1
311,311,10330600,23.095,14.036,0.61,1.85,Spots,0,0,0
312,312,10338343,14.418,14.349,3.02,,Spots,0,0,1
313,313,10450544,14.944,14.333,0.606,5.47,Spots,0,0,1
314,314,10464732,18.947,13.629,0.637,3.3,Spots,0,0,1
315,315,10514730,17.122,13.341,0.627,6.07,Spots,0,0,0
316,316,10526682,17.5,13.122,0.623,1.41,Spots,0,0,1
317,317,10550312,14.334,14.755999999999998,0.645,2.7,,0,0,0
318,318,10583379,3.731,14.199000000000002,0.602,8.99,Spots,0,0,0
319,319,10593790,21.857,15.548,0.71,2.29,Faculae,0,0,0
320,320,10594040,5.497000000000001,14.923,0.635,4.37,Spots,0,0,1
321,321,10600885,13.886,13.07,0.672,5.86,,0,0,0
322,322,10605103,11.153,15.844,0.643,5.71,,0,0,0
323,323,10611358,15.185,15.555,0.727,8.53,Faculae,0,0,1
324,324,10617164,13.705,14.859000000000002,0.672,6.46,Spots,0,0,0
325,325,10618260,25.425,9.99,,0.7,Faculae,0,0,0
326,326,10656897,11.140999999999998,14.863,0.644,9.03,Spots,0,0,1
327,327,10670595,5.459,15.067,0.662,12.13,,0,0,0
328,328,10675144,10.544,12.993,0.648,2.93,,0,0,1
329,329,10718853,15.987,12.447,0.629,2.31,Faculae,0,0,0
330,330,10723598,16.160999999999998,14.755999999999998,0.66,7.45,Spots,0,0,0
331,331,10731529,8.461,12.91,0.5710000000000001,6.27,Spots,0,0,0
332,332,10733905,16.283,13.958,0.604,0.92,Faculae,0,0,0
333,333,10733940,6.146,14.619000000000002,0.6579999999999999,7.98,Spots,0,0,0
334,334,10735454,18.441,14.983,0.669,2.91,Spots,0,0,0
335,335,10742090,14.6,14.71,0.595,2.23,Spots,0,0,0
336,336,10790803,19.701,13.092,0.623,1.68,Faculae,0,0,1
337,337,10814687,8.172,14.063,0.649,7.33,,0,0,0
338,338,10843735,13.645,15.188,0.617,1.8,,0,0,0
339,339,10862531,4.622,15.035,0.6809999999999999,11.52,Spots,0,0,0
340,340,10874056,13.573,14.302,0.6859999999999999,9.17,,0,0,1
341,341,10913968,13.811,13.96,0.632,8.95,Spots,0,0,1
342,342,10921242,1.765,13.598,0.569,8.19,Spots,0,1,0
343,343,10935491,5.1960000000000015,15.252,0.687,8.18,Spots,0,0,0
344,344,10935517,20.073,12.8,0.633,1.03,Faculae,0,0,0
345,345,10982884,12.398,14.403,0.648,4.72,,0,0,0
346,346,10983326,9.595,13.169,0.616,4.19,Spots,0,0,1
347,347,11014223,12.028,13.349,0.6409999999999999,9.9,Faculae,0,1,0
348,348,11029378,10.754,15.334,0.664,7.77,Faculae,0,0,1
349,349,11033434,10.537,12.987,0.607,3.7,,0,1,0
350,350,11043281,12.708,12.834,0.607,4.62,Spots,0,0,0
351,351,11044124,11.104,14.562,0.6509999999999999,6.49,Spots,0,0,0
352,352,11045856,17.154,14.537,0.7,7.99,Spots,0,0,0
353,353,11067986,14.973,14.386,0.684,2.62,Spots,0,0,0
354,354,11074801,14.579,15.317,0.655,3.61,Spots,0,0,1
355,355,11075287,19.161,13.26,0.662,1.3,Spots,0,0,1
356,356,11080522,8.758,14.253,0.6809999999999999,6.59,Spots,0,0,0
357,357,11082584,11.263,14.257,0.655,7.5,Faculae,0,0,1
358,358,11099510,14.776,14.612,0.675,4.54,Spots,0,0,0
359,359,11137289,17.744,14.879,0.672,4.62,Spots,0,0,0
360,360,11144428,9.443,15.117,0.562,6.49,Spots,0,0,1
361,361,11145294,13.247,15.068,0.62,4.51,Spots,0,0,1
362,362,11181612,10.343,14.511,0.622,6.2,Spots,0,0,1
363,363,11182009,14.771,14.566,0.632,5.08,Spots,0,0,1
364,364,11186450,15.925,15.004,0.6559999999999999,2.42,Spots,0,0,1
365,365,11197665,13.145,13.765999999999998,0.693,7.21,Spots,0,0,0
366,366,11235827,18.931,14.202,0.628,0.89,Faculae,0,0,1
367,367,11243446,12.42,14.292,0.5670000000000001,4.67,Spots,0,0,1
368,368,11244552,9.44,14.91,0.654,4.98,,0,0,0
369,369,11244980,1.318,13.409,0.583,10.46,Spots,0,0,1
370,370,11250420,8.446,14.373,0.598,9.7,Spots,0,0,1
371,371,11288330,16.809,11.216,0.617,1.01,,0,0,1
372,372,11296561,2.889,12.028,0.583,6.07,,0,0,1
373,373,11298340,16.669,14.435,0.647,2.96,Spots,0,0,1
374,374,11299398,10.843,12.991,0.5870000000000001,6.11,Spots,0,0,0
375,375,11299846,6.954,12.864,0.584,9.45,,0,0,0
376,376,11305962,19.94,14.647,0.691,3.48,Spots,0,0,0
377,377,11308629,10.854,12.296,0.59,2.21,Spots,0,0,1
378,378,11360892,5.7,12.895,0.586,1.24,Faculae,0,0,0
379,379,11394841,6.337999999999999,14.635,0.5720000000000001,2.24,Faculae,0,0,1
380,380,11402767,12.341,14.822,0.664,8.42,Spots,0,0,1
381,381,11415049,4.6530000000000005,13.38,0.5760000000000001,1.85,,0,1,1
382,382,11447497,17.36,15.424,0.66,2.49,Faculae,0,0,0
383,383,11447772,12.755,15.376,0.67,6.93,Spots,0,0,1
384,384,11454524,21.4,15.723,0.632,2.52,Spots,0,0,1
385,385,11454525,14.027,15.007,0.67,4.77,Spots,0,0,1
386,386,11455145,19.548,12.994000000000002,0.575,0.92,Spots,0,0,1
387,387,11455711,13.129,13.955,0.6559999999999999,4.01,Faculae,0,0,1
388,388,11457673,12.358,14.997,0.636,3.22,Spots,0,0,0
389,389,11462742,14.555,14.488,0.654,5.24,Spots,0,0,1
390,390,11464202,4.574,12.717,0.615,3.15,Spots,0,0,0
391,391,11465355,19.232,14.573,0.7040000000000001,3.65,Spots,0,0,1
392,392,11469284,9.591,14.703,0.7,10.09,Spots,0,0,1
393,393,11493473,15.739,13.630999999999998,0.5579999999999999,3.67,Spots,0,0,0
394,394,11499453,7.2879999999999985,10.658,0.5870000000000001,8.56,Spots,0,0,1
395,395,11506257,3.028,13.68,0.585,6.49,Faculae,0,0,1
396,396,11507958,30.71,12.319,0.615,0.84,Faculae,0,0,1
397,397,11512949,22.735,15.477,0.7140000000000001,3.38,Spots,0,0,0
398,398,11519569,18.648,15.397,0.56,2.61,Faculae,0,0,0
399,399,11521365,9.875,15.091,0.682,9.25,Spots,0,0,1
400,400,11547790,16.206,14.327,0.648,3.54,Spots,0,0,0
401,401,11599304,5.216,15.112,0.614,8.37,Spots,0,0,0
402,402,11603199,7.143,14.111,0.618,11.05,Spots,0,0,0
403,403,11606040,19.467,11.407,0.6409999999999999,1.37,,0,0,1
404,404,11606103,18.33,15.134,0.687,2.84,Spots,0,0,0
405,405,11611131,6.992000000000001,13.858,0.613,4.37,Spots,0,0,1
406,406,11615736,16.72,12.35,0.598,2.2,Spots,0,0,0
407,407,11618709,18.564,11.927,0.565,0.89,Faculae,0,0,1
408,408,11619844,18.837,14.628,0.65,2.55,Spots,0,0,1
409,409,11649221,16.968,12.229,0.602,2.37,Spots,0,0,0
410,410,11656715,10.248,14.914,0.569,3.24,,0,0,1
411,411,11667335,4.081,12.489,0.5489999999999999,10.41,,0,0,1
412,412,11668560,14.524,12.845999999999998,0.607,6.33,Spots,0,0,1
413,413,11671500,6.566,13.970999999999998,0.619,4.68,Spots,0,0,1
414,414,11701822,15.768,14.699000000000002,0.6579999999999999,3.04,Spots,0,0,0
415,415,11703566,18.907,15.175999999999998,0.6609999999999999,3.99,Spots,0,0,0
416,416,11706689,5.4110000000000005,13.892,,6.21,Spots,0,0,0
417,417,11708650,12.213,13.333,0.61,9.27,Spots,0,0,0
418,418,11713799,2.425,15.379,0.603,12.12,Spots,0,0,0
419,419,11760235,10.129,14.206,0.659,5.77,,0,0,0
420,420,11768525,16.229,13.534,0.614,3.65,Spots,0,0,0
421,421,11769443,8.934,12.877,3.84,,Spots,0,0,0
422,422,11807397,11.741,13.484000000000002,0.635,11.41,Spots,0,0,0
423,423,11820958,12.935,12.825,0.662,7.59,,0,0,1
424,424,11821247,20.358,15.218,0.706,3.25,Spots,0,0,0
425,425,11824220,8.769,12.277,0.593,6.94,Spots,0,0,1
426,426,11853243,19.162,13.767,0.6409999999999999,3.6,Spots,0,0,0
427,427,11870569,9.599,15.069,0.5589999999999999,7.61,,0,0,1
428,428,11873617,15.73,12.447,0.66,5.94,Spots,0,1,1
429,429,11910377,13.966,13.226,0.618,4.35,Spots,0,0,1
430,430,11913675,16.209,15.484000000000002,0.67,7.68,Spots,0,0,0
431,431,11919907,20.844,14.678,0.6409999999999999,2.43,Spots,0,0,0
432,432,11921437,12.429,14.072,0.647,4.44,Spots,0,0,0
433,433,11960342,13.584,14.999,0.674,4.72,Spots,0,0,0
434,434,11960916,25.863000000000003,13.342,0.608,1.93,,0,0,0
435,435,11969083,11.943,11.523,0.527,2.18,Spots,0,0,0
436,436,11972605,6.8660000000000005,15.428,0.627,9.0,Spots,0,0,0
437,437,11975373,13.152,13.777,0.602,4.57,Spots,0,0,1
438,438,12008910,10.392,14.77,0.622,6.71,Spots,0,0,0
439,439,12010509,17.03,14.261,0.6759999999999999,2.34,Spots,0,0,1
440,440,12011636,18.371,14.417,0.598,1.45,Spots,0,0,0
441,441,12018010,20.472,14.31,0.684,2.11,,0,0,0
442,442,12019465,10.34,13.861,0.622,7.23,Spots,0,0,0
443,443,12059936,8.458,13.524,0.68,6.0,Spots,0,0,1
444,444,12061108,22.076,13.421,0.5920000000000001,0.86,Faculae,0,0,0
445,445,12062079,21.139,13.927,0.662,2.14,Faculae,0,0,0
446,446,12062118,5.769,15.827,0.706,8.92,,0,0,0
447,447,12105086,12.043,13.144,0.6609999999999999,6.94,Spots,0,0,0
448,448,12108638,21.499,14.688,0.733,3.8,Spots,0,0,1
449,449,12119601,21.896,14.236,0.616,2.67,Spots,0,0,0
450,450,12307301,13.423,13.142,0.642,4.14,Spots,0,0,0
451,451,12315267,4.188,15.062,0.606,14.28,Spots,0,0,0
452,452,12366495,8.171,12.555,0.6,5.27,,0,0,0
453,453,12417702,17.689,14.969,0.698,6.01,Spots,0,0,0
454,454,12417799,13.354,15.327,0.65,8.95,Spots,0,1,0
455,455,12418678,5.681,15.061,0.621,10.87,Spots,0,0,0
456,456,12454402,10.605,10.464,1.93,,Spots,0,0,0
457,457,12555818,16.564,13.755999999999998,0.617,3.33,Spots,0,0,0
458,458,12556304,12.892,13.091,0.608,7.32,Spots,0,0,0
459,459,12599166,20.546,13.898,0.615,4.95,Spots,0,0,0
460,460,12602592,6.319,12.696,0.594,3.79,Spots,0,0,0
461,461,12645327,11.216,14.35,0.612,8.87,Spots,0,0,0
462,462,12690265,13.588,12.357,0.6,2.74,Spots,0,0,0
